%YAML:1.0
---
camera_matrix: !!opencv-matrix
   rows: 3
   cols: 3
   dt: d
   data: [ 6.5135846449890448e+02, 0., 3.2837395550760328e+02, 0.,
       8.7025410544866679e+02, 2.4203018025448543e+02, 0., 0., 1. ]
distortion_coefficients: !!opencv-matrix
   rows: 1
   cols: 5
   dt: d
   data: [ 1.4601251301336016e-01, 2.9378308892615090e-01,
       -2.8164132042297323e-03, 3.7402743218338265e-03,
       -1.6371374443790905e+00 ]
