%YAML:1.0
---
camera_matrix: !!opencv-matrix
   rows: 3
   cols: 3
   dt: d
   data: [ 6.4889822692647590e+02, 0., 3.2627108342459655e+02, 0.,
       8.6614876039374428e+02, 2.3032534053711754e+02, 0., 0., 1. ]
distortion_coefficients: !!opencv-matrix
   rows: 1
   cols: 5
   dt: d
   data: [ 1.7368230668200765e-01, 2.4407999073156203e-01,
       -7.4371402240933056e-03, 6.4425589272308018e-03,
       -1.4735893528540127e+00 ]
